10,160
10,155
10,192
10,237
10,197
10,74
10,262
11,12
11,6
8,11
8,5
8,18
8,15
201,5
201,1
200,3
200,1
20,3
20,2
20,1
19,3
19,2
19,1
14,16
14,14
12,3
12,2
12,1
11,28
11,27
11,24
11,23
11,22
11,21
11,19
11,18
11,15
11,14
11,13
11,10
11,9
11,8
11,7
11,5
11,3
11,2
11,1
10,297
10,288
10,280
10,278
10,226
10,219
10,208
10,201
10,191
18,1
10,156
18,3
10,141
14,1
10,139
10,130
14,23
10,123
10,114
14,3
13,1
10,111
10,92
13,3
10,90
10,34
10,31
10,26
10,6
10,3
10,2
10,1
9,7
9,6
9,5
9,4
9,3
9,2
9,1
8,16
8,14
8,13
8,12
8,10
8,9
8,8
8,7
8,6
8,4
8,3
8,2
8,1
3,3
3,2
3,1
2,3
2,2
2,1
0,771
0,769
0,768
0,767
0,766
0,765
0,764
0,763
0,762
0,761
0,760
