430,49
430,48
430,47
430,46
430,45
430,44
430,43
430,42
430,41
430,40
430,39
430,38
430,37
430,36
430,35
0,807
0,806
0,805
0,804
0,803
0,802
0,801
0,800
0,799
0,798
0,797
0,796
0,795
0,794
0,793
0,792
0,791
0,790
0,789
0,788
0,787
0,786
0,785
0,784
0,783
0,782
0,781
0,780
0,779
0,778
0,777
0,776
0,775
0,774
0,773
0,772
0,771
0,770
0,769
0,768
0,767
0,766
0,765
0,764
0,763
0,762
0,761
0,760
0,759
0,758
0,757
0,756
0,755
0,754
0,753
0,752
0,751
18,1
0,750
0,749
0,748
0,747
0,746
0,745
0,744
0,743
0,742
0,741
0,740
0,739
0,738
0,737
0,736
0,735
18,3
0,734
0,733
0,732
0,731
0,730
0,729
14,1
0,728
0,727
0,726
0,725
0,724
0,723
0,722
14,50
0,721
0,720
0,719
14,3
13,1
0,718
0,717
0,716
0,715
0,714
0,713
0,712
0,711
0,710
13,3
0,709
0,708
0,707
0,706
0,705
0,704
0,703
0,702
0,701
0,700
0,699
0,698
0,697
0,696
0,695
0,694
0,693
0,692
0,691
0,690
0,689
0,688
0,687
2,2
0,686
0,685
2,1
0,684
0,683
0,682
0,681
0,680
0,679
0,678
0,677
0,676
0,675
0,674
0,673
2,3
0,672
0,671
0,670
0,669
0,668
0,667
0,666
0,665
0,664
0,663
0,662
0,661
0,660
0,659
0,658
0,657
0,656
0,639
0,638
0,637
0,636
0,635
0,634
0,633
0,632
0,631
0,630
0,629
0,628
0,627
0,626
0,625
0,0
430,34
430,33
430,32
430,31
430,30
430,29
430,28
430,27
430,26
430,25
430,24
430,23
430,22
430,21
430,20
430,19
430,18
430,17
430,16
430,15
430,14
430,13
430,12
430,11
430,10
430,9
430,8
430,7
430,6
430,5
430,4
430,3
430,2
430,0
0,547
0,546
0,276
0,275
0,272
0,271
0,533
0,12
0,433
0,10
0,559
0,8
0,379
0,437
0,268
0,495
0,267
0,582
0,472
0,266
0,554
0,436
0,265
0,378
0,435
0,264
0,432
0,263
0,552
0,471
0,262
0,385
0,431
0,261
0,492
0,377
0,260
0,470
0,442
0,259
0,441
0,428
0,258
0,491
0,376
0,257
0,467
0,256
0,607
0,427
0,255
0,477
0,426
0,254
0,315
0,425
0,253
0,512
0,594
0,252
0,456
0,424
0,251
0,464
0,375
0,250
0,511
0,508
0,249
0,498
0,421
0,248
0,606
0,463
0,247
0,374
0,462
0,246
0,440
0,420
0,245
0,488
0,590
0,244
0,461
0,593
0,242
0,591
0,417
0,241
0,487
0,373
0,808
0,809
0,811
0,812
0,814
0,815
0,817
0,819
0,820
0,822
0,823
0,825
0,827
0,828
0,830
0,831
0,833
0,834
0,896
0,898
0,899
0,901
0,902
0,904
0,906
0,907
0,909
0,910
0,912
0,913
0,915
0,917
0,918
0,920
0,921
0,923
0,925
0,926
0,928
0,929
0,931
0,932
0,934
0,936
0,937
0,939
0,940
0,942
0,944
0,945
0,947
0,948
0,950
0,952
0,953
0,955
0,956
0,958
0,959
0,961
0,963
0,964
0,966
0,967
0,969
0,971
0,972
0,974
0,975
0,977
0,978
0,980
0,982
0,983
0,985
0,986
0,988
0,990
0,991
0,993
0,994
0,996
0,997
0,999
0,1001
0,1002
0,1004
0,1005
0,1007
0,1009
0,1010
0,1012
0,1013
0,1015
0,1017
0,1018
0,1020
0,1021
0,1023
0,1024
0,1026
0,1028
0,1029
0,1031
0,1032
0,1034
0,1036
0,1037
0,1039
0,1040
0,1042
0,1043
0,1045
19,3
0,1047
19,1
0,1049
19,2
0,1052
0,1053
0,1055
0,1056
0,1058
0,1059
0,1061
20,3
0,1063
0,1065
0,1066
0,1068
0,1070
0,1071
0,1073
0,1074
0,1076
0,1077
20,1
0,1079
